255 255 255 255 255 255 255 255 255 255 255 255 255 255 255 255
255 219 159 159 159 159 159 159 159 159 159 159 159 159 219 255
255 159   0   0   0   0   0   0   0   0   0   0   0   0 159 255
255 159   0   0   0   0   0   0   0   0   0   0   0   0 159 255
255 159   0   0   3  31  31  31  31  31  31   3   0   0 159 255
255 159   0   0  31 219 219 255 171 219 219  31   0   0 159 255
255 159   0   0  31 219 219 255  31 219 219  31   0   0 159 255
255 159   0   0  31 255 115 227 199  31 171  31   0   0 159 255
255 159   0   0  31 255 115 199 255 243 243  31   0   0 159 255
255 159   0   0  31 219 219  31 171 195 195  31   0   0 159 255
255 159   0   0  31 219 219 171 171 255 255  31   0   0 159 255
255 159   0   0   3  31  31  31  31  31  31   3   0   0 159 255
255 159   0   0   0   0   0   0   0   0   0   0   0   0 159 255
255 159   0   0   0   0   0   0   0   0   0   0   0   0 159 255
255 219 159 159 159 159 159 159 159 159 159 159 159 159 219 255
255 255 255 255 255 255 255 255 255 255 255 255 255 255 255 255
255 255 255 255 255 255 255 255 255 255 255 255 255 255 255 255
255 219 159 159 159 159 159 159 159 159 159 159 159 159 219 255
255 159   0   0   0   0   0   0   0   0   0   0   0   0 159 255
255 159   0   0   0   0   0   0   0   0   0   0   0   0 159 255
255 159   0   0   3  31  31  31  31  31  31   3   0   0 159 255
255 159   0   0  31 219 219 255 171 219 219  31   0   0 159 255
255 159   0   0  31 219 219 255  31 219 219  31   0   0 159 255
255 159   0   0  31 255 115 227 199  31 171  31   0   0 159 255
255 159   0   0  31 255 115 199 255 243 243  31   0   0 159 255
255 159   0   0  31 219 219  31 171 195 195  31   0   0 159 255
255 159   0   0  31 219 219 171 171 255 255  31   0   0 159 255
255 159   0   0   3  31  31  31  31  31  31   3   0   0 159 255
255 159   0   0   0   0   0   0   0   0   0   0   0   0 159 255
255 159   0   0   0   0   0   0   0   0   0   0   0   0 159 255
255 219 159 159 159 159 159 159 159 159 159 159 159 159 219 255
255 255 255 255 255 255 255 255 255 255 255 255 255 255 255 255
255 255 255 255 255 255 255 255 255 255 255 255 255 255 255 255
255 219 159 159 159 159 159 159 159 159 159 159 159 159 219 255
255 159   0   0   0   0   0   0   0   0   0   0   0   0 159 255
255 159   0   0   0   0   0   0   0   0   0   0   0   0 159 255
255 159   0   0   3  31  31  31  31  31  31   3   0   0 159 255
255 159   0   0  31 219 219 255 171 219 219  31   0   0 159 255
255 159   0   0  31 219 219 255  31 219 219  31   0   0 159 255
255 159   0   0  31 255 115 227 199  31 171  31   0   0 159 255
255 159   0   0  31 255 115 199 255 243 243  31   0   0 159 255
255 159   0   0  31 219 219  31 171 195 195  31   0   0 159 255
255 159   0   0  31 219 219 171 171 255 255  31   0   0 159 255
255 159   0   0   3  31  31  31  31  31  31   3   0   0 159 255
255 159   0   0   0   0   0   0   0   0   0   0   0   0 159 255
255 159   0   0   0   0   0   0   0   0   0   0   0   0 159 255
255 219 159 159 159 159 159 159 159 159 159 159 159 159 219 255
255 255 255 255 255 255 255 255 255 255 255 255 255 255 255 255

255 255 255 255 255 255 255 255 255 255 255 255 255 255 255 255
255 219 159 159 159 159 159 159 159 159 159 159 159 159 219 255
255 159   0   0   0   0   0   0   0   0   0   0   0   0 159 255
255 159   0   0   0   0   0   0   0   0   0   0   0   0 159 255
255 159   0   0   3  31  31  31  31  31  31   3   0   0 159 255
255 159   0   0  31 219 219 171 243 195 255  31   0   0 159 255
255 159   0   0  31 219 219  31 243 195 255  31   0   0 159 255
255 159   0   0  31 171  31 199 255 171 171  31   0   0 159 255
255 159   0   0  31 255 255 227 199  31 171  31   0   0 159 255
255 159   0   0  31 219 219 115 115 219 219  31   0   0 159 255
255 159   0   0  31 219 219 255 255 219 219  31   0   0 159 255
255 159   0   0   3  31  31  31  31  31  31   3   0   0 159 255
255 159   0   0   0   0   0   0   0   0   0   0   0   0 159 255
255 159   0   0   0   0   0   0   0   0   0   0   0   0 159 255
255 219 159 159 159 159 159 159 159 159 159 159 159 159 219 255
255 255 255 255 255 255 255 255 255 255 255 255 255 255 255 255
255 255 255 255 255 255 255 255 255 255 255 255 255 255 255 255
255 219 159 159 159 159 159 159 159 159 159 159 159 159 219 255
255 159   0   0   0   0   0   0   0   0   0   0   0   0 159 255
255 159   0   0   0   0   0   0   0   0   0   0   0   0 159 255
255 159   0   0   3  31  31  31  31  31  31   3   0   0 159 255
255 159   0   0  31 219 219 171 243 195 255  31   0   0 159 255
255 159   0   0  31 219 219  31 243 195 255  31   0   0 159 255
255 159   0   0  31 171  31 199 255 171 171  31   0   0 159 255
255 159   0   0  31 255 255 227 199  31 171  31   0   0 159 255
255 159   0   0  31 219 219 115 115 219 219  31   0   0 159 255
255 159   0   0  31 219 219 255 255 219 219  31   0   0 159 255
255 159   0   0   3  31  31  31  31  31  31   3   0   0 159 255
255 159   0   0   0   0   0   0   0   0   0   0   0   0 159 255
255 159   0   0   0   0   0   0   0   0   0   0   0   0 159 255
255 219 159 159 159 159 159 159 159 159 159 159 159 159 219 255
255 255 255 255 255 255 255 255 255 255 255 255 255 255 255 255
255 255 255 255 255 255 255 255 255 255 255 255 255 255 255 255
255 219 159 159 159 159 159 159 159 159 159 159 159 159 219 255
255 159   0   0   0   0   0   0   0   0   0   0   0   0 159 255
255 159   0   0   0   0   0   0   0   0   0   0   0   0 159 255
255 159   0   0   3  31  31  31  31  31  31   3   0   0 159 255
255 159   0   0  31 219 219 171 243 195 255  31   0   0 159 255
255 159   0   0  31 219 219  31 243 195 255  31   0   0 159 255
255 159   0   0  31 171  31 199 255 171 171  31   0   0 159 255
255 159   0   0  31 255 255 227 199  31 171  31   0   0 159 255
255 159   0   0  31 219 219 115 115 219 219  31   0   0 159 255
255 159   0   0  31 219 219 255 255 219 219  31   0   0 159 255
255 159   0   0   3  31  31  31  31  31  31   3   0   0 159 255
255 159   0   0   0   0   0   0   0   0   0   0   0   0 159 255
255 159   0   0   0   0   0   0   0   0   0   0   0   0 159 255
255 219 159 159 159 159 159 159 159 159 159 159 159 159 219 255
255 255 255 255 255 255 255 255 255 255 255 255 255 255 255 255

254 254 253 253 253 253 253 253 253 253 253 253 253 253 254 254
254 212 150 150 150 150 150 150 150 150 150 150 150 150 212 254
253 150   0   0   0   0   0   0   0   0   0   0   0   0 150 253
253 150   0   0   0   0   0   0   0   0   0   0   0   0 150 253
253 150   0   0   8  45  44  46  47  45  46   8   0   0 150 253
253 150   0   0  46 210 181 185 212 190 210  46   0   0 150 253
253 150   0   0  44 167  88 140 128 129 177  44   0   0 150 253
253 150   0   0  46 210 172 221 220 142 180  42   0   0 150 253
253 150   0   0  43 165  92 146 156 110 184  45   0   0 150 253
253 150   0   0  46 187 156 156 158 133 189  45   0   0 150 253
253 150   0   0  46 210 184 180 191 184 210  46   0   0 150 253
253 150   0   0   8  46  44  44  45  45  46   8   0   0 150 253
253 150   0   0   0   0   0   0   0   0   0   0   0   0 150 253
253 150   0   0   0   0   0   0   0   0   0   0   0   0 150 253
254 212 150 150 150 150 150 150 150 150 150 150 150 150 212 254
254 254 253 253 253 253 253 253 253 253 253 253 253 253 254 254
254 254 253 253 253 253 253 253 253 253 253 253 253 253 254 254
254 212 150 150 150 150 150 150 150 150 150 150 150 150 212 254
253 150   0   0   0   0   0   0   0   0   0   0   0   0 150 253
253 150   0   0   0   0   0   0   0   0   0   0   0   0 150 253
253 150   0   0   8  45  44  46  47  45  46   8   0   0 150 253
253 150   0   0  46 210 181 185 212 190 210  46   0   0 150 253
253 150   0   0  44 167  88 140 128 129 177  44   0   0 150 253
253 150   0   0  46 210 172 221 220 142 180  42   0   0 150 253
253 150   0   0  43 165  92 146 156 110 184  45   0   0 150 253
253 150   0   0  46 187 156 156 158 133 189  45   0   0 150 253
253 150   0   0  46 210 184 180 191 184 210  46   0   0 150 253
253 150   0   0   8  46  44  44  45  45  46   8   0   0 150 253
253 150   0   0   0   0   0   0   0   0   0   0   0   0 150 253
253 150   0   0   0   0   0   0   0   0   0   0   0   0 150 253
254 212 150 150 150 150 150 150 150 150 150 150 150 150 212 254
254 254 253 253 253 253 253 253 253 253 253 253 253 253 254 254
254 254 253 253 253 253 253 253 253 253 253 253 253 253 254 254
254 212 150 150 150 150 150 150 150 150 150 150 150 150 212 254
253 150   0   0   0   0   0   0   0   0   0   0   0   0 150 253
253 150   0   0   0   0   0   0   0   0   0   0   0   0 150 253
253 150   0   0   8  45  44  46  47  45  46   8   0   0 150 253
253 150   0   0  46 210 181 185 212 190 210  46   0   0 150 253
253 150   0   0  44 167  88 140 128 129 177  44   0   0 150 253
253 150   0   0  46 210 172 221 220 142 180  42   0   0 150 253
253 150   0   0  43 165  92 146 156 110 184  45   0   0 150 253
253 150   0   0  46 187 156 156 158 133 189  45   0   0 150 253
253 150   0   0  46 210 184 180 191 184 210  46   0   0 150 253
253 150   0   0   8  46  44  44  45  45  46   8   0   0 150 253
253 150   0   0   0   0   0   0   0   0   0   0   0   0 150 253
253 150   0   0   0   0   0   0   0   0   0   0   0   0 150 253
254 212 150 150 150 150 150 150 150 150 150 150 150 150 212 254
254 254 253 253 253 253 253 253 253 253 253 253 253 253 254 254

255 254 253 253 253 253 253 253 253 253 253 253 253 253 254 255
254 212 151 151 151 151 151 151 151 151 151 151 151 151 212 254
253 151   0   0   0   0   0   0   0   0   0   0   0   0 151 253
253 151   0   0   0   0   0   0   0   0   0   0   0   0 151 253
253 151   0   0   9  46  45  43  46  46  46   9   0   0 151 253
253 151   0   0  46 211 177 181 184 190 211  46   0   0 151 253
253 151   0   0  46 190 130 142 111 133 184  46   0   0 151 253
253 151   0   0  47 213 129 220 156 158 191  45   0   0 151 253
253 151   0   0  46 185 141 221 147 156 180  45   0   0 151 253
253 151   0   0  44 182  89 172  93 156 185  45   0   0 151 253
253 151   0   0  46 211 168 211 166 188 211  46   0   0 151 253
253 151   0   0   9  46  45  46  43  46  46   9   0   0 151 253
253 151   0   0   0   0   0   0   0   0   0   0   0   0 151 253
253 151   0   0   0   0   0   0   0   0   0   0   0   0 151 253
254 212 151 151 151 151 151 151 151 151 151 151 151 151 212 254
255 254 253 253 253 253 253 253 253 253 253 253 253 253 254 255
255 254 253 253 253 253 253 253 253 253 253 253 253 253 254 255
254 212 151 151 151 151 151 151 151 151 151 151 151 151 212 254
253 151   0   0   0   0   0   0   0   0   0   0   0   0 151 253
253 151   0   0   0   0   0   0   0   0   0   0   0   0 151 253
253 151   0   0   9  46  45  43  46  46  46   9   0   0 151 253
253 151   0   0  46 211 177 181 184 190 211  46   0   0 151 253
253 151   0   0  46 190 130 142 111 133 184  46   0   0 151 253
253 151   0   0  47 213 129 220 156 158 191  45   0   0 151 253
253 151   0   0  46 185 141 221 147 156 180  45   0   0 151 253
253 151   0   0  44 182  89 172  93 156 185  45   0   0 151 253
253 151   0   0  46 211 168 211 166 188 211  46   0   0 151 253
253 151   0   0   9  46  45  46  43  46  46   9   0   0 151 253
253 151   0   0   0   0   0   0   0   0   0   0   0   0 151 253
253 151   0   0   0   0   0   0   0   0   0   0   0   0 151 253
254 212 151 151 151 151 151 151 151 151 151 151 151 151 212 254
255 254 253 253 253 253 253 253 253 253 253 253 253 253 254 255
255 254 253 253 253 253 253 253 253 253 253 253 253 253 254 255
254 212 151 151 151 151 151 151 151 151 151 151 151 151 212 254
253 151   0   0   0   0   0   0   0   0   0   0   0   0 151 253
253 151   0   0   0   0   0   0   0   0   0   0   0   0 151 253
253 151   0   0   9  46  45  43  46  46  46   9   0   0 151 253
253 151   0   0  46 211 177 181 184 190 211  46   0   0 151 253
253 151   0   0  46 190 130 142 111 133 184  46   0   0 151 253
253 151   0   0  47 213 129 220 156 158 191  45   0   0 151 253
253 151   0   0  46 185 141 221 147 156 180  45   0   0 151 253
253 151   0   0  44 182  89 172  93 156 185  45   0   0 151 253
253 151   0   0  46 211 168 211 166 188 211  46   0   0 151 253
253 151   0   0   9  46  45  46  43  46  46   9   0   0 151 253
253 151   0   0   0   0   0   0   0   0   0   0   0   0 151 253
253 151   0   0   0   0   0   0   0   0   0   0   0   0 151 253
254 212 151 151 151 151 151 151 151 151 151 151 151 151 212 254
255 254 253 253 253 253 253 253 253 253 253 253 253 253 254 255
